2 0.907936507936508 0.1 3
2 0.909347442680776 0.01 4
2 0.909296135962803 0.001 5
2 0.909296135962803 0.0001 5
2 0.909297451519674 0.00001 6
2 0.909297426461448 0.000001 7
2.4 0.668550582857143 0.1 3
2.4 0.675830696228571 0.01 4
2.4 0.675449483019304 0.001 5
2.4 0.675463558583954 0.0001 6
2.4 0.675463172511323 0.00001 7
2.4 0.675463172511323 0.000001 7
2.8 0.336965219871605 0.1 4
2.8 0.334887520890857 0.01 5
2.8 0.334991938583223 0.001 6
2.8 0.334988040322708 0.0001 7
2.8 0.334988040322708 0.00001 7
2.8 0.334988152684335 0.000001 8
3.2 -0.0499128099668425 0.1 4
3.2 -0.0589387832460042 0.01 5
3.2 -0.0583463091025515 0.001 6
3.2 -0.0583751992703084 0.0001 7
3.2 -0.0583741116404635 0.00001 8
3.2 -0.0583741442057547 0.000001 9
3.6 -0.445098522991044 0.1 5
3.6 -0.442359143540447 0.01 6
3.6 -0.442528202386541 0.001 7
3.6 -0.442520147229757 0.0001 8
3.6 -0.442520147229757 0.00001 8
3.6 -0.442520452477803 0.000001 9
4 -0.756027511583066 0.1 6
4 -0.756848619536449 0.01 7
4 -0.756848619536449 0.001 7
4 -0.756800319068603 0.0001 8
4 -0.756802578739614 0.00001 9
4 -0.756802492656908 0.000001 10
4.4 -0.948403028956809 0.1 6
4.4 -0.951833000651971 0.01 7
4.4 -0.951588867372492 0.001 8
4.4 -0.951602687314862 0.0001 9
4.4 -0.951602050281328 0.00001 10
4.4 -0.951602050281328 0.000001 10
4.8 -0.997167803035227 0.1 7
4.8 -0.996096203490987 0.01 8
4.8 -0.996168395460283 0.001 9
4.8 -0.996168395460283 0.0001 9
4.8 -0.99616443521511 0.00001 10
4.8 -0.996164615539318 0.000001 11
5.2 -0.887322681949515 0.1 7
5.2 -0.883144490589824 0.01 8
5.2 -0.883474836479783 0.001 9
5.2 -0.883453568496772 0.0001 10
5.2 -0.883454705030884 0.00001 11
5.2 -0.88345465381108 0.000001 12
5.6 -0.630011086548457 0.1 8
5.6 -0.63136153462896 0.01 9
5.6 -0.631260701172283 0.001 10
5.6 -0.631266950455289 0.0001 11
5.6 -0.631266950455289 0.00001 11
5.6 -0.631266623826098 0.000001 12

