-0,6 -0,270749184 0,1 10
-0,6 -0,237129990144 0,01 16
-0,6 -0,234092218995651 0,001 21
-0,6 -0,234402319729904 0,0001 26
-0,6 -0,234372461104203 1E-05 31
-0,6 -0,234374627982335 1E-06 35
-0,52 -0,25200273719296 0,1 8
-0,52 -0,228067148785897 0,01 12
-0,52 -0,225363655788075 0,001 16
-0,52 -0,225096276740748 0,0001 20
-0,52 -0,225071630082513 1E-05 24
-0,52 -0,225069455345627 1E-06 28
-0,44 -0,240886272 0,1 6
-0,44 -0,214022353195893 0,01 10
-0,44 -0,211987120282149 0,001 13
-0,44 -0,212212867324782 0,0001 16
-0,44 -0,212189175541415 1E-05 19
-0,44 -0,21219157377177 1E-06 22
-0,36 -0,17358336 0,1 5
-0,36 -0,19624124547072 0,01 8
-0,36 -0,194898397154771 0,001 10
-0,36 -0,194620704608931 0,0001 13
-0,36 -0,194634282914494 1E-05 15
-0,36 -0,194636812707573 1E-06 18
-0,28 -0,189056 0,1 4
-0,28 -0,173074944 0,01 6
-0,28 -0,17112810717184 0,001 8
-0,28 -0,170921071676752 0,0001 10
-0,28 -0,170900574860497 1E-05 12
-0,28 -0,1708986335158 1E-06 14
-0,2 -0,12 0,1 3
-0,2 -0,1376 0,01 5
-0,2 -0,138816 0,001 7
-0,2 -0,1389056 0,0001 8
-0,2 -0,138889728 1E-05 10
-0,2 -0,13888892928 1E-06 12
-0,12 -0,0912 0,1 3
-0,12 -0,096384 0,01 4
-0,12 -0,09555456 0,001 5
-0,12 -0,095661060096 0,0001 7
-0,12 -0,09566356832256 1E-05 8
-0,12 -0,0956632243372032 1E-06 9
-0,04 -0,04 0,1 2
-0,04 -0,0368 0,01 3
-0,04 -0,036992 0,001 4
-0,04 -0,03698176 0,0001 5
-0,04 -0,036982272 1E-05 6
-0,04 -0,036982272 1E-06 6
0,04 0,04 0,1 2
0,04 0,0432000000000001 0,01 3
0,04 0,0433920000000001 0,001 4
0,04 0,0434022400000001 0,0001 5
0,04 0,0434027520000001 1E-05 6
0,04 0,0434027520000001 1E-06 6
0,12 0,1488 0,1 3
0,12 0,153984 0,01 4
0,12 0,15481344 0,001 5
0,12 0,154955771904 0,0001 7
0,12 0,15495828013056 1E-05 8
0,12 0,154958624115917 1E-06 9
0,2 0,28 0,1 3
0,2 0,3104 0,01 5
0,2 0,312384 0,001 7
0,2 0,3124736 0,0001 8
0,2 0,312498688 1E-05 10
0,2 0,31249993728 1E-06 12
-0,6 -0,270749184 0,1 10
-0,6 -0,237129990144 0,01 16
-0,6 -0,234092218995651 0,001 21
-0,6 -0,234402319729904 0,0001 26
-0,6 -0,234372461104203 1E-05 31
-0,6 -0,234374627982335 1E-06 35
-0,52 -0,25200273719296 0,1 8
-0,52 -0,228067148785897 0,01 12
-0,52 -0,225363655788075 0,001 16
-0,52 -0,225096276740748 0,0001 20
-0,52 -0,225071630082513 1E-05 24
-0,52 -0,225069455345627 1E-06 28
-0,44 -0,240886272 0,1 6
-0,44 -0,214022353195893 0,01 10
-0,44 -0,211987120282149 0,001 13
-0,44 -0,212212867324782 0,0001 16
-0,44 -0,212189175541415 1E-05 19
-0,44 -0,21219157377177 1E-06 22
-0,36 -0,17358336 0,1 5
-0,36 -0,19624124547072 0,01 8
-0,36 -0,194898397154771 0,001 10
-0,36 -0,194620704608931 0,0001 13
-0,36 -0,194634282914494 1E-05 15
-0,36 -0,194636812707573 1E-06 18
-0,28 -0,189056 0,1 4
-0,28 -0,173074944 0,01 6
-0,28 -0,17112810717184 0,001 8
-0,28 -0,170921071676752 0,0001 10
-0,28 -0,170900574860497 1E-05 12
-0,28 -0,1708986335158 1E-06 14
-0,2 -0,12 0,1 3
-0,2 -0,1376 0,01 5
-0,2 -0,138816 0,001 7
-0,2 -0,1389056 0,0001 8
-0,2 -0,138889728 1E-05 10
-0,2 -0,13888892928 1E-06 12
-0,12 -0,0912 0,1 3
-0,12 -0,096384 0,01 4
-0,12 -0,09555456 0,001 5
-0,12 -0,095661060096 0,0001 7
-0,12 -0,09566356832256 1E-05 8
-0,12 -0,0956632243372032 1E-06 9
-0,04 -0,04 0,1 2
-0,04 -0,0368 0,01 3
-0,04 -0,036992 0,001 4
-0,04 -0,03698176 0,0001 5
-0,04 -0,036982272 1E-05 6
-0,04 -0,036982272 1E-06 6
0,04 0,04 0,1 2
0,04 0,0432000000000001 0,01 3
0,04 0,0433920000000001 0,001 4
0,04 0,0434022400000001 0,0001 5
0,04 0,0434027520000001 1E-05 6
0,04 0,0434027520000001 1E-06 6
0,12 0,1488 0,1 3
0,12 0,153984 0,01 4
0,12 0,15481344 0,001 5
0,12 0,154955771904 0,0001 7
0,12 0,15495828013056 1E-05 8
0,12 0,154958624115917 1E-06 9
0,2 0,28 0,1 3
0,2 0,3104 0,01 5
0,2 0,312384 0,001 7
0,2 0,3124736 0,0001 8
0,2 0,312498688 1E-05 10
0,2 0,31249993728 1E-06 12
-0,6 -0,270749184 0,1 10
-0,6 -0,237129990144 0,01 16
-0,6 -0,234092218995651 0,001 21
-0,6 -0,234402319729904 0,0001 26
-0,6 -0,234372461104203 1E-05 31
-0,6 -0,234374627982335 1E-06 35
-0,52 -0,25200273719296 0,1 8
-0,52 -0,228067148785897 0,01 12
-0,52 -0,225363655788075 0,001 16
-0,52 -0,225096276740748 0,0001 20
-0,52 -0,225071630082513 1E-05 24
-0,52 -0,225069455345627 1E-06 28
-0,44 -0,240886272 0,1 6
-0,44 -0,214022353195893 0,01 10
-0,44 -0,211987120282149 0,001 13
-0,44 -0,212212867324782 0,0001 16
-0,44 -0,212189175541415 1E-05 19
-0,44 -0,21219157377177 1E-06 22
-0,36 -0,17358336 0,1 5
-0,36 -0,19624124547072 0,01 8
-0,36 -0,194898397154771 0,001 10
-0,36 -0,194620704608931 0,0001 13
-0,36 -0,194634282914494 1E-05 15
-0,36 -0,194636812707573 1E-06 18
-0,28 -0,189056 0,1 4
-0,28 -0,173074944 0,01 6
-0,28 -0,17112810717184 0,001 8
-0,28 -0,170921071676752 0,0001 10
-0,28 -0,170900574860497 1E-05 12
-0,28 -0,1708986335158 1E-06 14
-0,2 -0,12 0,1 3
-0,2 -0,1376 0,01 5
-0,2 -0,138816 0,001 7
-0,2 -0,1389056 0,0001 8
-0,2 -0,138889728 1E-05 10
-0,2 -0,13888892928 1E-06 12
-0,12 -0,0912 0,1 3
-0,12 -0,096384 0,01 4
-0,12 -0,09555456 0,001 5
-0,12 -0,095661060096 0,0001 7
-0,12 -0,09566356832256 1E-05 8
-0,12 -0,0956632243372032 1E-06 9
-0,04 -0,04 0,1 2
-0,04 -0,0368 0,01 3
-0,04 -0,036992 0,001 4
-0,04 -0,03698176 0,0001 5
-0,04 -0,036982272 1E-05 6
-0,04 -0,036982272 1E-06 6
0,04 0,04 0,1 2
0,04 0,0432000000000001 0,01 3
0,04 0,0433920000000001 0,001 4
0,04 0,0434022400000001 0,0001 5
0,04 0,0434027520000001 1E-05 6
0,04 0,0434027520000001 1E-06 6
0,12 0,1488 0,1 3
0,12 0,153984 0,01 4
0,12 0,15481344 0,001 5
0,12 0,154955771904 0,0001 7
0,12 0,15495828013056 1E-05 8
0,12 0,154958624115917 1E-06 9
0,2 0,28 0,1 3
0,2 0,3104 0,01 5
0,2 0,312384 0,001 7
0,2 0,3124736 0,0001 8
0,2 0,312498688 1E-05 10
0,2 0,31249993728 1E-06 12
